 Td        ID        Tj        Df        Dd        Db
  2      2000         1         0         1         1
  2      2002         1         0         1         1
  2      2006         1         0         1         1
  2      2001         1         0         1         1
  2      2003         1         0         1         1
  2      2005         1         0         1         1
  2      2004         1         0         1         1
  2      2013         2         0         0         0
  2      2007         1         1         0         1
  2      2008         1         1         0         1
  3      2009         2         0         1         1
  3      2010         2         0         1         1
  3      2011         2         0         1         1
  3      2014         2         0         1         1
  3      2015         2         0         1         1
  3      2016         2         0         1         1
  3      2012         2         0         1         1
  3      2017         2         0         1         1
  4      2018         3         0         1         1
  4      2019         3         0         1         1
  4      2021         3         0         1         1
  4      2023         3         0         1         1
  4      2024         3         0         1         1
  4      2026         3         0         1         1
  4      2034         4         0         0         0
  4      2032         4         0         0         0
  4         4         1         0         3         3
  4        27         3         0         1         1
  4        23         3         0         1         1
  4        22         3         0         1         1
  5      2028         4         0         1         1
  5      2035         4         0         1         1
  5      2020         3         0         2         2
  5      2022         3         0         2         2
  5      2037         5         0         0         0
  5      2030         4         1         0         1
  5        34         4         0         1         1
  6      2025         3         1         2         3
  6      2027         4         0         2         2
  6      2041         5         0         1         1
  6      2044         5         0         1         1
  6      2042         5         0         1         1
  6      2043         5         0         1         1
  6      2047         6         0         0         0
  6      2029         4         1         1         2
  6      2031         4         1         1         2
  6      2049         6         0         0         0
  6         6         1         1         4         5
  7      2039         5         0         2         2
  7      2040         5         0         2         2
  7      2052         6         0         1         1
  7      2033         4         2         1         3
  7      2038         5         0         2         2
  7      2048         6         0         1         1
  7        26         3         1         3         4
  7        51         6         0         1         1
  8      2050         6         1         1         2
  8      2051         6         1         1         2
  8      2053         6         1         1         2
  8      2054         7         0         1         1
  8      2065         8         0         0         0
  8      2055         7         0         1         1
  8      2056         7         0         1         1
  8      2057         7         0         1         1
  9      2061         7         0         2         2
  9      2066         8         0         1         1
  9      2036         5         2         2         4
  9      2063         8         0         1         1
  9      2045         6         1         2         3
  9      2046         6         0         3         3
  9      2059         7         1         1         2
  9      2060         7         1         1         2
  9      2062         7         1         1         2
  9      2064         8         0         1         1
  9      2067         8         0         1         1
  9      2068         8         1         0         1
 10      2069         8         1         1         2
 10      2070         8         1         1         2
 10      2058         7         1         2         3
 10      2077        10         0         0         0
 10      2071         8         1         1         2
 11      2072        10         0         1         1
 11      2073        10         0         1         1
 11      2074        10         0         1         1
 11      2075        10         0         1         1
 11      2076        10         0         1         1
 11      2078        10         0         1         1
 11      2085        11         0         0         0
 11      2079        10         0         1         1
 11      2080        10         0         1         1
 12      2081        11         0         1         1
 12      2093        12         0         0         0
 12      2094        12         0         0         0
 12        49         6         1         5         6
 12        57         7         1         4         5
 12        94        12         0         0         0
 12        92        12         0         0         0
 13      2082        11         0         2         2
 13      2086        11         0         2         2
 13      2089        11         0         2         2
 13      2097        12         0         1         1
 13      2083        11         0         2         2
 13      2084        11         0         2         2
 13        97        12         0         1         1
 13        75        10         1         2         3
 14      2088        11         0         3         3
 14      2090        12         0         2         2
 14      2095        12         0         2         2
 14      2091        12         1         1         2
 14      2092        12         1         1         2
 14        79        10         1         3         4
 14        96        12         0         2         2
 15        88        11         1         3         4
 16      2087        11         0         5         5
 16      2096        12         1         3         4
 16      2098        12         1         3         4
 16        85        11         0         5         5
 17      2099        16         0         1         1
 17      2105        16         0         1         1
 17      2103        16         0         1         1
 17      2100        16         0         1         1
 17      2101        16         0         1         1
 17      2106        16         1         0         1
 17      2107        16         1         0         1
 18      2108        17         0         1         1
 18      2112        17         0         1         1
 18      2113        17         0         1         1
 18      2114        17         0         1         1
 18      2115        17         0         1         1
 18      2116        17         0         1         1
 18      2102        16         0         2         2
 18      2117        18         0         0         0
 18      2118        18         0         0         0
 19      2119        18         0         1         1
 19      2122        18         0         1         1
 19      2124        18         0         1         1
 19      2125        18         0         1         1
 19      2104        16         0         3         3
 19      2123        18         0         1         1
 19      2134        19         0         0         0
 19      2126        19         0         0         0
 20      2109        17         1         2         3
 20         2         1         0        19        19
 20       123        18         0         2         2
 21      2130        19         1         1         2
 21      2131        19         1         1         2
 21      2127        19         0         2         2
 21      2133        19         0         2         2
 21      2121        18         0         3         3
 21      2139        21         0         0         0
 21       113        17         1         3         4
 21       110        17         0         4         4
 22      2128        19         0         3         3
 22      2140        21         0         1         1
 22      2110        17         3         2         5
 22      2111        17         0         5         5
 22       122        18         1         3         4
 23      2150        22         0         1         1
 23      2120        18         0         5         5
 23      2149        22         0         1         1
 23      2135        21         0         2         2
 23      2138        21         1         1         2
 23      2141        21         1         1         2
 23      2142        21         1         1         2
 23      2143        21         1         1         2
 23       132        19         1         3         4
 24      2155        23         0         1         1
 24      2129        19         0         5         5
 24      2132        19         1         4         5
 24      2136        21         0         3         3
 24      2137        21         0         3         3
 24       133        19         1         4         5
 24       158        23         0         1         1
 24        12         2         1        21        22
 24        13         2         1        21        22
 24        15         2         1        21        22
 25      2148        22         1         2         3
 25      2151        22         1         2         3
 25      2152        22         1         2         3
 25      2153        23         0         2         2
 25      2144        22         2         1         3
 25      2168        24         0         1         1
 25      2147        22         2         1         3
 25      2164        24         0         1         1
 26      2160        23         1         2         3
 26      2145        22         1         3         4
 26      2146        22         1         3         4
 26      2162        24         1         1         2
 26      2163        24         1         1         2
 26      2165        24         1         1         2
 27      2156        23         1         3         4
 27      2179        27         0         0         0
 27      2172        27         0         0         0
 27      2158        23         1         3         4
 27      2159        23         1         3         4
 27      2161        23         1         3         4
 27      2166        24         1         2         3
 27       164        24         1         2         3
 27        17         2         1        24        25
 28      2169        24         1         3         4
 28      2171        27         0         1         1
 28      2173        27         0         1         1
 28      2187        28         0         0         0
 28      2174        27         0         1         1
 28      2175        27         0         1         1
 28       146        22         1         5         6
 28       163        24         0         4         4
 28       179        27         0         1         1
 28         3         1         0        27        27
 28        29         4         2        22        24
 29      2180        28         0         1         1
 29      2191        29         0         0         0
 29      2167        24         1         4         5
 29      2170        24         2         3         5
 29      2154        23         1         5         6
 29      2157        23         1         5         6
 29      2181        28         0         1         1
 29       169        24         1         4         5
 30      2182        28         0         2         2
 30      2183        28         0         2         2
 30      2184        28         0         2         2
 30      2190        29         0         1         1
 31      2178        27         1         3         4
 31      2189        29         1         1         2
 31      2202        31         0         0         0
 31      2192        29         1         1         2
 31      2194        29         1         1         2
 31       188        28         0         3         3
 31       195        29         0         2         2
 32      2197        29         1         2         3
 32      2185        28         1         3         4
 32      2186        28         1         3         4
 32      2199        31         0         1         1
 32      2201        31         0         1         1
 32      2188        28         1         3         4
 32      2176        27         1         4         5
 32      2177        27         1         4         5
 32      2193        29         1         2         3
 33      2195        29         1         3         4
 33      2196        29         1         3         4
 33      2198        31         1         1         2
 33      2203        31         1         1         2
 33      2215        33         0         0         0
 33      2204        31         1         1         2
 33      2205        31         1         1         2
 33      2206        31         1         1         2
 33       183        28         2         3         5
 34      2200        31         1         2         3
 34      2209        33         0         1         1
 34      2207        33         0         1         1
 34      2208        33         0         1         1
 34      2212        33         0         1         1
 34      2213        33         1         0         1
 34      2216        34         0         0         0
 34        30         4         3        27        30
 34       225        34         0         0         0
 34       221        34         0         0         0
 34       215        33         0         1         1
 35      2217        34         0         1         1
 35      2219        34         0         1         1
 35      2220        34         0         1         1
 35      2221        34         0         1         1
 35       204        31         1         3         4
 35       209        33         0         2         2
 35       184        28         0         7         7
 36      2223        34         0         2         2
 36      2211        33         1         2         3
 36      2224        34         0         2         2
 36      2210        33         1         2         3
 36      2214        33         0         3         3
 36         7         1         0        35        35
 36         9         1         0        35        35
 36         1         1         0        35        35
 36        10         2         0        34        34
 37      2225        36         0         1         1
 37      2226        36         0         1         1
 37      2228        36         0         1         1
 37      2229        36         0         1         1
 37      2232        36         0         1         1
 37      2218        34         0         3         3
 37      2222        34         0         3         3
 37       211        33         1         3         4
 38      2230        36         0         2         2
 38      2237        37         0         1         1
 38      2227        36         1         1         2
 38      2244        38         0         0         0
 38      2231        36         0         2         2
 38       212        33         1         4         5
 38       242        37         0         1         1
 39      2238        37         1         1         2
 39      2248        38         0         1         1
 39      2242        37         1         1         2
 39      2233        36         1         2         3
 39      2243        38         0         1         1
 40      2246        38         0         2         2
 40      2259        39         0         1         1
 40      2257        39         0         1         1
 40      2252        39         0         1         1
 40      2247        38         1         1         2
 40      2249        38         1         1         2
 40      2250        38         1         1         2
 40      2251        38         1         1         2
 41      2234        37         1         3         4
 41      2235        37         1         3         4
 41      2236        37         1         3         4
 41      2239        37         1         3         4
 41      2240        37         1         3         4
 41      2241        37         1         3         4
 41      2245        38         0         3         3
 41      2253        39         1         1         2
 41      2254        39         1         1         2
 41      2255        39         1         1         2
 42      2256        39         1         2         3
 42      2258        39         1         2         3
 42      2260        39         1         2         3
 42      2263        41         0         1         1
 42      2269        41         0         1         1
 42      2272        42         0         0         0
 42       250        38         1         3         4
 43      2270        42         0         1         1
 43      2282        43         0         0         0
 43      2265        41         1         1         2
 43      2266        41         1         1         2
 43      2267        41         1         1         2
 43      2268        41         1         1         2
 43      2271        42         0         1         1
 43      2273        42         0         1         1
 43       217        34         0         9         9
 44      2274        42         0         2         2
 44      2275        42         0         2         2
 45      2261        41         1         3         4
 45      2262        41         1         3         4
 45      2264        41         1         3         4
 45      2304        45         0         0         0
 45       262        41         1         3         4
 45       265        41         1         3         4
 45       249        38         1         6         7
 45       273        42         1         2         3
 46      2279        43         1         2         3
 46      2280        43         1         2         3
 46      2297        45         0         1         1
 46      2312        46         0         0         0
 46      2309        46         0         0         0
 46      2283        43         1         2         3
 46      2284        43         1         2         3
 46      2285        43         1         2         3
 46      2286        43         1         2         3
 46      2287        43         1         2         3
 46      2276        42         1         3         4
 46        21         3         2        41        43
 46        24         3         2        41        43
 47      2277        42         1         4         5
 47      2313        46         0         1         1
 47      2299        45         0         2         2
 47      2300        45         0         2         2
 47      2278        42         1         4         5
 47      2288        44         1         2         3
 47      2289        44         1         2         3
 47      2290        44         1         2         3
 47      2291        44         1         2         3
 47      2292        44         1         2         3
 47      2293        44         1         2         3
 47       292        44         0         3         3
 48      2294        44         2         2         4
 48      2295        44         2         2         4
 48      2319        47         0         1         1
 48      2318        47         0         1         1
 48      2306        46         1         1         2
 48      2315        47         0         1         1
 48      2281        43         1         4         5
 48       289        44         0         4         4
 49      2331        49         0         0         0
 49      2308        46         2         1         3
 49      2310        46         2         1         3
 49      2311        46         2         1         3
 49      2314        46         2         1         3
 49      2296        44         2         3         5
 49      2316        47         1         1         2
 49       293        44         0         5         5
 49       301        45         1         3         4
 49       294        44         1         4         5
 50      2324        49         0         1         1
 50      2298        45         2         3         5
 50      2301        45         2         3         5
 50       305        45         1         4         5
 51      2302        45         2         4         6
 51      2303        45         2         4         6
 51      2307        46         1         4         5
 51      2334        50         0         1         1
 51      2341        50         0         1         1
 51      2317        47         1         3         4
 51      2320        47         1         3         4
 51      2321        47         1         3         4
 52      2328        49         1         2         3
 52      2350        51         0         1         1
 52      2335        50         0         2         2
 52      2343        51         0         1         1
 52      2338        50         0         2         2
 52      2329        49         1         2         3
 52      2330        49         1         2         3
 52      2332        49         1         2         3
 52       319        47         1         4         5
 53      2305        45         2         6         8
 53      2346        51         0         2         2
 53      2337        50         1         2         3
 53      2339        50         1         2         3
 53      2340        50         1         2         3
 53      2322        47         1         5         6
 53      2323        47         1         5         6
 53        18         2         1        50        51
 53        28         4         2        47        49
 54      2351        53         0         1         1
 54      2355        53         0         1         1
 54      2352        53         0         1         1
 54      2354        53         0         1         1
 55      2325        49         1         5         6
 55      2344        51         1         3         4
 55      2345        51         1         3         4
 55      2356        53         1         1         2
 55      2347        51         2         2         4
 55       323        47         1         7         8
 55       325        49         0         6         6
 55       343        51         1         3         4
 56      2349        51         2         3         5
 56      2333        50         1         5         6
 56      2336        50         1         5         6
 56      2360        55         0         1         1
 56      2367        55         0         1         1
 56      2362        55         0         1         1
 56      2366        55         0         1         1
 56      2363        55         0         1         1
 56      2326        49         1         6         7
 56      2327        49         1         6         7
 56      2342        51         1         4         5
 56      2353        53         1         2         3
 56      2357        53         1         2         3
 56      2358        53         1         2         3
 56      2359        53         1         2         3
 56      2348        51         2         3         5
 57      2364        55         1         1         2
 57      2365        55         1         1         2
 57      2368        55         1         1         2
 57      2361        55         1         1         2

Battle result: Win

Earth army statistics
Total earth soliders: 41
Total earth tanks: 118
Total earth gunnery: 210
Percentage of destructed earth soliders relative to total soliders: 95.1219%
Percentage of destructed earth tanks relative to total tanks: 16.1017%
Percentage of destructed earth gunnery relative to total gunnery: 7.61905%
Percentage of total destructed units relative to total units: 20.0542%
Average Delay before first being shot: 0.621622
Average time to destruction after first shot: 9.10811
Average battle time: 9.72973
Df/Db percentage: 6.38889 %
Dd/Db percentage: 93.6111%

Alien army statistics
Total alien soliders: 242
Total alien drones: 98
Total alien monsters: 29
Percentage of destructed alien soliders relative to total soliders: 100%
Percentage of destructed alien drones relative to total drones: 100%
Percentage of destructed alien monsters relative to total monsters: 100%
Percentage of total destructed units relative to total units: 100%
Average Delay before first being shot: 0.517615
Average time to destruction after first shot: 1.62331
Average battle time: 2.14092
Df/Db percentage: 24.1772%
Dd/Db percentage: 75.8228%
