 Td        ID        Tj        Df        Dd        Db
  3         4         2         0         1         1
  3         3         2         0         1         1
  3         1         2         0         1         1
  4         2         2         0         2         2
  4         5         2         1         1         2
  5         9         4         0         1         1
  5        10         4         0         1         1
  5         6         4         0         1         1
  5         8         4         0         1         1
  5         7         4         0         1         1
  5        15         5         0         0         0
  6      2007         4         0         2         2
  6        12         5         0         1         1
  6        11         5         0         1         1
  7      2012         5         0         2         2
  7        18         6         0         1         1
  7        20         6         0         1         1
  8      2001         2         0         6         6
  8        13         5         0         3         3
  8        14         5         0         3         3
  8        16         6         0         2         2
  8        17         6         0         2         2
  8        19         6         0         2         2
  8        21         7         0         1         1
  8        24         7         0         1         1
  9      2000         2         0         7         7
  9        25         7         1         1         2
  9        22         7         0         2         2
  9        23         7         0         2         2
  9        27         8         0         1         1
  9        28         8         0         1         1
 10        26         8         0         2         2
 10        29         8         0         2         2
 10        30         8         1         1         2
 11      2004         2         1         8         9
 12      2002         2         2         8        10
 12      2003         2         2         8        10
 12      2029         8         0         4         4
 12        32        11         0         1         1
 13      2010         5         0         8         8
 13        33        11         0         2         2
 13        34        11         0         2         2
 13        35        11         0         2         2
 13        31        11         0         2         2
 13        39        12         0         1         1
 13        40        12         0         1         1
 13        36        12         0         1         1
 14      2014         5         1         8         9
 14      2006         4         1         9        10
 14      2008         4         1         9        10
 15      2009         4         1        10        11
 15        49        14         0         1         1
 15        47        14         0         1         1
 16      2013         5         1        10        11
 16        51        15         0         1         1
 16        38        12         1         3         4
 17        57        16         0         1         1
 18      2054        15         0         3         3
 18      2051        15         0         3         3
 18      2005         4         0        14        14
 18      2015         6         1        11        12
 18      2016         6         1        11        12
 18        45        13         1         4         5
 18        37        12         1         5         6
 18        61        17         0         1         1
 18        65        17         0         1         1
 19      2027         8         2         9        11
 19      2061        17         0         2         2
 19        41        13         1         5         6
 19        69        18         0         1         1
 19        42        13         1         5         6
 19        43        13         1         5         6
 19        44        13         1         5         6
 19        46        14         0         5         5
 20      2020         7         1        12        13
 20      2037        12         0         8         8
 20      2021         7         1        12        13
 20      2022         7         2        11        13
 20        53        15         0         5         5
 20        66        18         0         2         2
 20        80        20         0         0         0
 20        76        20         0         0         0
 21        48        14         1         6         7
 21        83        21         0         0         0
 21        81        21         0         0         0
 22      2026         8         2        12        14
 22      2028         8         2        12        14
 22        52        15         0         7         7
 22        54        15         0         7         7
 22        58        16         1         5         6
 23      2030        11         1        11        12
 23        59        16         1         6         7
 23        55        15         1         7         8
 23        50        14         1         8         9
 23        67        18         1         4         5
 23        68        18         1         4         5
 23        70        18         1         4         5
 23        88        22         0         1         1
 23        87        22         0         1         1
 24        56        16         1         7         8
 24        72        19         1         4         5
 24        73        19         1         4         5
 24        74        19         1         4         5
 25      2073        19         0         6         6
 26        62        17         1         8         9
 26        63        17         1         8         9
 26        64        17         1         8         9
 26        71        19         1         6         7
 26        75        19         1         6         7
 26        82        21         1         4         5
 26        91        23         1         2         3
 26       100        25         0         1         1
 27      2031        11         1        15        16
 27      2033        11         1        15        16
 27        60        16         1        10        11
 27        77        20         1         6         7
 27        78        20         1         6         7
 27       106        27         0         0         0
 28      2075        20         0         8         8
 28      2085        22         0         6         6
 28        84        21         1         6         7
 28        92        23         1         4         5
 28        93        23         1         4         5
 28        96        25         1         2         3
 28       107        27         0         1         1
 28       113        28         0         0         0
 29      2011         5         0        24        24
 29      2076        20         0         9         9
 29        95        23         2         4         6
 29        85        21         2         6         8
 29       119        29         0         0         0
 29        90        22         1         6         7
 30      2035        12         1        17        18
 30      2036        12         1        17        18
 30      2038        12         1        17        18
 30       117        29         0         1         1
 30       118        29         0         1         1
 30       121        30         0         0         0
 30        97        25         1         4         5
 30        98        25         1         4         5
 31       122        30         0         1         1
 31        94        23         2         6         8
 31        86        22         1         8         9
 31        89        22         1         8         9
 31        79        20         2         9        11
 31       101        26         1         4         5
 32      2047        14         2        16        18
 32      2049        14         2        16        18
 32      2078        20         1        11        12
 32      2074        19         0        13        13
 32       133        32         0         0         0
 32       104        26         2         4         6
 33      2041        13         1        19        20
 33        99        25         1         7         8
 33       136        33         0         0         0
 33       110        27         2         4         6
 34      2034        11         2        21        23
 34      2052        15         2        17        19
 34      2101        26         0         8         8
 34       102        26         2         6         8
 34       103        26         2         6         8
 34       105        26         2         6         8
 35      2111        28         1         6         7
 35      2067        18         3        14        17
 35       143        34         0         1         1
 35       150        35         0         0         0
 35       148        35         0         0         0
 36      2093        23         0        13        13
 36       146        35         0         1         1
 36       147        35         0         1         1
 37      2107        27         0        10        10
 37      2024         7         2        28        30
 37       111        28         1         8         9
 37       112        28         2         7         9
 37       115        28         2         7         9
 37       152        36         0         1         1
 37       154        36         0         1         1
 37       159        37         0         0         0
 37       126        31         1         5         6
 38       140        33         2         3         5
 38       128        31         2         5         7
 38       156        37         0         1         1
 38       157        37         0         1         1
 38       108        27         1        10        11
 39       109        27         2        10        12
 39       135        32         2         5         7
 39       123        30         2         7         9
 40      2043        13         1        26        27
 40       124        30         2         8        10
 40       125        30         2         8        10
 40       114        28         2        10        12
 40       137        33         2         5         7
 40       138        33         2         5         7
 40       139        33         2         5         7
 40       127        31         2         7         9
 41      2134        32         0         9         9
 41       116        29         2        10        12
 41       169        40         0         1         1
 41       132        32         1         8         9
 42       144        34         2         6         8
 42       134        32         2         8        10
 42       168        40         0         2         2
 42       172        41         0         1         1
 42       178        42         0         0         0
 42       149        35         2         5         7
 42       129        31         2         9        11
 43      2069        18         3        22        25
 43       130        31         2        10        12
 43       155        36         2         5         7
 44       120        29         2        13        15
 44       131        32         1        11        12
 44       141        34         2         8        10
 44       142        34         2         8        10
 44       183        43         0         1         1
 44       185        43         0         1         1
 44       145        34         2         8        10
 44       158        37         2         5         7
 45      2056        16         2        27        29
 45      2058        16         2        27        29
 45      2059        16         2        27        29
 45       186        44         0         1         1
 46      2046        14         2        30        32
 46      2119        29         0        17        17
 46       163        39         2         5         7
 46       164        39         2         5         7
 46       165        39         2         5         7
 46       160        37         2         7         9
 47       151        36         2         9        11
 47       153        36         2         9        11
 47       161        39         2         6         8
 47       162        39         2         6         8
 48      2060        17         2        29        31
 48      2063        17         2        29        31
 48      2064        17         2        29        31
 48      2124        30         2        16        18
 48      2130        32         0        16        16
 48      2167        40         0         8         8
 48       193        46         0         2         2
 48       198        47         0         1         1
 48       197        47         0         1         1
 49      2050        15         2        32        34
 49      2173        41         0         8         8
 49      2166        40         0         9         9
 49      2053        15         2        32        34
 49       166        40         2         7         9
 49       201        48         0         1         1
 49       205        48         0         1         1
 50      2136        33         0        17        17
 50      2137        33         1        16        17
 50       174        41         2         7         9
 50       175        41         2         7         9
 50       187        44         2         4         6
 50       188        44         2         4         6
 51      2066        18         3        30        33
 51      2090        23         0        28        28
 51      2102        26        14        11        25
 51       177        42         2         7         9
 51       179        42         2         7         9
 51       180        42         2         7         9
 51       167        40         2         9        11
 51       170        40         2         9        11
 51       208        50         0         1         1
 51       209        50         0         1         1
 51       171        41         2         8        10
 52       214        51         0         1         1
 52       211        51         0         1         1
 52       191        46         2         4         6
 52       192        46         2         4         6
 52       195        46         2         4         6
 52       189        44         2         6         8
 52       176        42         2         8        10
 54      2039        12         1        41        42
 54      2183        43         0        11        11
 54       203        48         2         4         6
 54       194        46         2         6         8
 54       190        44         2         8        10
 54       220        53         0         1         1
 55      2192        46         1         8         9
 55       196        47         2         6         8
 55       199        47         2         6         8
 55       182        43         2        10        12
 55       225        54         0         1         1
 55       223        54         0         1         1
 55       184        43         2        10        12
 55       173        41         2        12        14
 56      2062        17         2        37        39
 56       202        48         2         6         8
 56       226        55         0         1         1
 56       230        55         0         1         1
 57      2077        20         3        34        37
 57       200        47         2         8        10
 57       181        43         2        12        14
 57       231        57         0         0         0
 57       210        50         2         5         7
 57       204        48         2         7         9
 58      2081        21         3        34        37
 58      2158        37         0        21        21
 58      2095        25         3        30        33
 58       218        53         1         4         5
 58       240        58         0         0         0
 58       239        58         0         0         0
 59      2219        53         3         3         6
 59       206        50         2         7         9
 59       207        50         2         7         9
 59       216        53         1         5         6
 60      2083        21         4        35        39
 60      2065        18         3        39        42
 60      2200        48         0        12        12
 60      2221        54         1         5         6
 60       217        53         1         6         7
 60       212        51         2         7         9
 60       213        51         2         7         9
 60       227        55         1         4         5
 60       244        59         0         1         1
 60       241        59         0         1         1
 60       247        60         0         0         0
 60       228        55         1         4         5
 61       248        60         0         1         1
 61       246        60         0         1         1
 61       242        59         0         2         2
 61       221        54         2         5         7
 61       222        54         2         5         7
 61       224        54         2         5         7
 61       236        58         1         2         3
 62      2089        22         3        37        40
 62      2057        16         2        44        46
 62       219        53         1         8         9
 62       229        55         1         6         7
 62       232        57         1         4         5
 62       254        61         0         1         1
 63      2156        37        11        15        26
 63      2113        28         0        35        35
 63      2177        42         0        21        21
 63      2204        48         3        12        15
 63       215        51         2        10        12
 63       249        60         1         2         3
 63       237        58         2         3         5
 63       258        62         0         1         1
 63       264        63         0         0         0
 63       263        63         0         0         0
 64      2091        23         4        37        41
 64      2092        23         4        37        41
 64      2135        33         6        25        31
 64       238        58         2         4         6
 64       262        63         0         1         1
 64       261        63         0         1         1
 64       265        63         0         1         1
 64       233        57         2         5         7
 64       234        57         2         5         7
 64       235        57         2         5         7
 65      2214        51         4        10        14
 65      2017         6         2        57        59
 65      2114        28         5        32        37
 65      2140        34         6        25        31
 65       250        60         1         4         5
 65       252        61         1         3         4
 65       255        61         1         3         4
 65       243        59         2         4         6
 65       245        59         2         4         6
 66      2230        57         0         9         9
 66      2080        21         3        42        45
 66      2082        21         3        42        45
 66       259        62         1         3         4
 66       270        65         0         1         1
 66       267        65         0         1         1
 66       251        61         1         4         5
 67       256        62         1         4         5
 67       274        66         0         1         1
 67       276        67         0         0         0
 67       260        62         2         3         5
 67       253        61         1         5         6
 68      2096        25         4        39        43
 68       266        65         0         3         3
 69      2098        25         4        40        44
 69      2084        21         4        44        48
 69      2233        57         2        10        12
 69      2151        36         6        27        33
 69       283        68         0         1         1
 69       268        65         1         3         4
 69       257        62         1         6         7
 70       286        69         0         1         1
 70       279        67         1         2         3
 70       271        66         1         3         4
 70       272        66         1         3         4
 70       273        66         1         3         4
 71       300        71         0         0         0
 71       299        71         0         0         0
 71       296        71         0         0         0
 72      2086        22         3        47        50
 72      2087        22         3        47        50
 72      2104        26         4        42        46
 72      2238        58         4        10        14
 72      2246        60         0        12        12
 72       282        68         1         3         4
 72       284        68         1         3         4
 72       285        68         1         3         4
 72       280        67         1         4         5
 72       275        66         1         5         6
 72       269        65         1         6         7
 72       277        67         0         5         5
 73      2239        58         1        14        15
 73       278        67         0         6         6
 73       304        72         0         1         1
 73       303        72         0         1         1
 73       302        72         0         1         1
 73       301        72         0         1         1
 73       287        69         1         3         4
 73       288        69         1         3         4
 73       290        69         1         3         4
 74       305        72         0         2         2
 74       281        68         0         6         6
 74       289        69         1         4         5
 74       291        70         1         3         4
 75      2106        27         5        43        48
 75      2108        27         5        43        48
 75      2109        27         5        43        48
 75       320        75         0         0         0
 76      2018         6         0        70        70
 76      2079        20         3        53        56
 76      2110        28         5        43        48
 76       293        70         1         5         6
 76       295        70         1         5         6
 76       297        71         1         4         5
 76       298        71         1         4         5
 76       319        75         0         1         1
 77      2235        58         4        15        19
 77       307        73         1         3         4
 77       309        73         1         3         4
 78       294        70         1         7         8
 78       325        76         0         2         2
 78       329        77         0         1         1
 78       328        77         0         1         1
 78       327        77         0         1         1
 78       324        76         0         2         2
 78       321        76         0         2         2
 78       306        73         0         5         5
 79      2263        63         2        14        16
 79      2304        72         0         7         7
 79      2216        53         8        18        26
 79      2308        73         1         5         6
 79      2118        29         6        44        50
 79       315        74         1         4         5
 79       308        73         1         5         6
 79       310        73         1         5         6
 79       340        79         0         0         0
 79       292        70         1         8         9
 79       311        74         1         4         5
 80      2097        25         4        51        55
 80      2285        69         0        11        11
 80      2258        62         1        17        18
 80      2228        55         5        20        25
 80       312        74         1         5         6
 80       313        74         1         5         6
 80       314        74         1         5         6
 80       335        78         0         2         2
 81      2152        36         6        39        45
 81      2307        73         0         8         8
 81      2154        36         7        38        45
 81       316        75         1         5         6
 81       338        79         0         2         2
 81       341        80         0         1         1
 81       318        75         1         5         6
 81       326        77         1         3         4
 81       330        77         1         3         4
 82      2249        60         1        21        22
 82      2122        30         6        46        52
 82       323        76         1         5         6
 82       317        75         1         6         7
 82       344        80         0         2         2
 82       345        80         0         2         2
 82       346        82         0         0         0
 82       336        79         1         2         3
 82       337        79         1         2         3
 83      2019         6         0        77        77
 83       322        76         1         6         7
 83       331        78         1         4         5
 83       332        78         1         4         5
 83       333        78         1         4         5
 83       334        78         1         4         5
 83       348        82         0         1         1
 83       347        82         0         1         1
 83       355        83         0         0         0
 83       354        83         0         0         0
 83       342        80         1         2         3
 83       343        80         1         2         3
 84      2126        31         6        47        53
 84       349        82         0         2         2
 85       339        79         1         5         6
 85       350        82         1         2         3
 86      2072        19         3        64        67
 86       358        84         0         2         2
 86       351        83         1         2         3
 86       352        83         1         2         3
 86       356        84         0         2         2
 86       353        83         1         2         3
 86       357        84         0         2         2
 87      2132        32         6        49        55
 87       359        84         0         3         3
 87       360        84         0         3         3
 88      2138        33         6        49        55
 88       363        86         0         2         2
 88       364        86         1         1         2
 88       365        86         1         1         2
 88       361        86         0         2         2
 88       362        86         0         2         2
 89       366        88         0         1         1
 89       369        88         0         1         1
 89       367        88         0         1         1
 89       370        88         0         1         1
 89       368        88         0         1         1
 90      2353        83         0         7         7
 90      2023         7         0        83        83
 90      2171        41         8        41        49
 90      2172        41         8        41        49
 91       371        89         0         2         2
 91       372        89         0         2         2
 91       373        89         0         2         2
 91       377        90         0         1         1
 91       380        90         0         1         1
 91       374        89         0         2         2
 91       375        89         0         2         2
 92       376        90         0         2         2
 92       378        90         0         2         2
 92       379        90         0         2         2
 93      2178        42         8        43        51
 93      2352        83         0        10        10
 93       383        91         0         2         2
 93       384        91         0         2         2
 93       385        91         1         1         2
 93       381        91         0         2         2
 93       382        91         0         2         2
 93       387        93         0         0         0
 94       389        93         0         1         1
 94       390        93         0         1         1
 95      2150        36         6        53        59
 95      2292        70         1        24        25
 95       386        93         0         2         2
 95       388        93         0         2         2
 95       393        94         0         1         1
 95       391        94         0         1         1
 95       397        95         0         0         0
 95       392        94         0         1         1
 95       394        94         0         1         1
 96      2262        63         4        29        33
 96       395        94         0         2         2
 96       398        95         0         1         1
 97      2318        75         6        16        22
 97       396        95         0         2         2
 97       399        95         0         2         2
 97       400        95         0         2         2
 97       403        96         0         1         1
 97       402        96         0         1         1
 98      2127        31         6        61        67
 98      2379        90         0         8         8
 98       401        96         0         2         2
 98       404        96         0         2         2
 98       405        96         0         2         2
 98       407        97         0         1         1
 98       406        97         0         1         1
 99      2332        78         5        16        21
 99      2284        68        12        19        31
 99       409        97         0         2         2
 99       416        99         0         0         0
 99       410        97         0         2         2
 99       408        97         0         2         2
100      2133        32         6        62        68
100      2105        27         5        68        73
100       412        98         0         2         2
100       413        98         0         2         2
100       415        98         0         2         2
100       418        99         0         1         1
100       411        98         0         2         2
101      2162        39         8        54        62
101      2201        48         8        45        53
101       414        98         0         3         3
101       417        99         0         2         2
101       425       100         0         1         1
102       420        99         1         2         3
102       430       101         0         1         1
102       428       101         0         1         1
103       422       100         0         3         3
103       423       100         0         3         3
103       424       100         0         3         3
103       432       102         0         1         1
103       419        99         0         4         4
103       421       100         0         3         3
104      2337        79         3        22        25
104      2143        34         7        63        70
104       427       101         0         3         3
105      2145        35         6        64        70
105      2392        94         0        11        11
105      2146        35         6        64        70
105      2149        35         6        64        70
105       439       103         1         1         2
105       440       103         1         1         2
105       442       104         0         1         1
105       443       104         0         1         1
105       426       101         0         4         4
106      2116        29         6        71        77
106      2179        42         8        56        64
106      2390        94         0        12        12
106      2315        75         5        26        31
106      2210        51         8        47        55
106       441       104         1         1         2
106       448       105         0         1         1
106       447       105         0         1         1
106       436       103         1         2         3
106       437       103         1         2         3
106       438       103         1         2         3
106       429       101         0         5         5
106       431       102         0         4         4
107      2354        83         0        24        24
107      2213        51         8        48        56
107       433       102         0         5         5
107       434       102         0         5         5
107       435       102         0         5         5
107       453       106         0         1         1
107       444       104         1         2         3
107       445       104         1         2         3
108      2245        60         9        39        48
108      2296        71         2        35        37
108      2410        98         0        10        10
108       446       105         1         2         3
108       449       105         1         2         3
108       450       105         1         2         3
108       459       107         0         1         1
108       460       107         0         1         1
108       451       106         0         2         2
109      2181        43         9        57        66
110      2182        43         9        58        67
110      2184        43         9        58        67
110      2025         8         0       102       102
110       452       106         1         3         4
110       466       109         0         1         1
110       474       110         0         0         0
110       470       109         0         1         1
110       454       106         1         3         4
110       455       106         1         3         4
110       469       109         0         1         1
111       456       107         0         4         4
111       457       107         0         4         4
111       461       108         0         3         3
111       468       109         0         2         2
111       475       110         0         1         1
111       463       108         0         3         3
111       465       108         0         3         3
111       458       107         1         3         4
112      2123        30         6        76        82
112      2413        98         0        14        14
112      2316        75         4        33        37
112       462       108         0         4         4
112       472       110         1         1         2
112       464       108         0         4         4
113       482       112         0         1         1
113       471       110         1         2         3
113       473       110         1         2         3
113       467       109         1         3         4
114      2128        31         6        77        83
114      2382        91         2        21        23
114      2129        31         6        77        83
115       476       111         1         3         4
115       478       111         1         3         4
115       479       111         1         3         4
115       480       111         1         3         4
115       489       114         0         1         1
116      2225        55         8        53        61
116      2032        11         1       104       105
116       477       111         1         4         5
116       483       112         1         3         4
117       495       115         0         2         2
117       491       115         0         2         2
117       484       112         1         4         5
117       485       112         1         4         5
117       481       112         1         4         5
118      2196        47         8        63        71
118      2305        73        11        34        45
118      2160        39         8        71        79
118      2161        39         8        71        79
119      2202        48         8        63        71
119      2203        48         8        63        71
120      2169        40         8        72        80
120      2112        28         5        87        92
120      2377        90         3        27        30
120      2040        13        98         9       107
120       486       114         0         6         6
120       488       114         0         6         6
120       508       118         0         2         2
120       513       119         0         1         1
120       511       119         0         1         1
121      2170        41         8        72        80
121      2350        83         7        31        38
121       490       114         0         7         7
121       492       115         1         5         6
121       493       115         1         5         6
121       494       115         1         5         6
121       512       119         0         2         2
121       515       119         0         2         2
121       487       114         0         7         7
121       501       117         1         3         4
122      2174        41         8        73        81
122       503       117         1         4         5
122       504       117         1         4         5
122       505       117         1         4         5
122       496       116         1         5         6
122       498       116         1         5         6
122       499       116         1         5         6
122       514       119         2         1         3
122       500       116         1         5         6
123       502       117         1         5         6
123       497       116         1         6         7
123       518       122         0         1         1
123       506       118         1         4         5
123       507       118         1         4         5
124       510       118         2         4         6
124       523       123         0         1         1
124       521       123         0         1         1
124       509       118         1         5         6
124       525       123         1         0         1
125      2425       101         3        21        24
125       517       122         1         2         3
125       519       122         1         2         3
125       520       122         1         2         3
125       522       123         0         2         2
125       516       122         1         2         3
125       524       123         0         2         2
126      2212        51         8        67        75
126      2508       118         1         7         8
126       528       125         0         1         1
126       527       125         0         1         1
127       526       125         0         2         2
127       535       126         0         1         1
127       531       126         0         1         1
127       532       126         0         1         1
127       534       126         0         1         1
127       529       125         0         2         2
128       530       125         0         3         3
128       533       126         0         2         2
129       538       128         0         1         1
129       539       128         0         1         1
129       536       128         0         1         1
129       537       128         0         1         1
130      2439       103         2        25        27
130      2042        13         0       117       117
130      2369        88        19        23        42
130      2120        30         6        94       100
130       542       129         0         1         1
130       540       128         0         2         2
131      2446       105        10        16        26
131      2401        96         9        26        35
131      2185        44         8        79        87
131      2188        44         8        79        87
131       541       129         0         2         2
131       544       129         0         2         2
131       546       130         0         1         1
131       550       130         0         1         1
131       549       130         0         1         1
131       543       129         0         2         2
131       545       129         0         2         2
132       548       130         0         2         2
132       554       131         0         1         1
132       547       130         0         2         2
132       552       131         0         1         1
132       559       132         0         0         0
132       551       131         0         1         1
132       553       131         0         1         1
132       555       131         0         1         1
132       557       132         0         0         0
133      2256        62        10        61        71
133      2447       105         4        24        28
133       558       132         0         1         1
133       556       132         0         1         1
133       560       132         0         1         1
134      2044        13         0       121       121
134       563       133         0         1         1
134       561       133         0         1         1
134       564       133         0         1         1
134       565       133         0         1         1
134       562       133         0         1         1
135      2194        46         8        81        89
135       566       134         0         1         1
135       568       134         0         1         1
135       569       134         0         1         1
135       567       134         0         1         1
136      2227        55         8        73        81
136       573       135         0         1         1
136       574       135         0         1         1
136       570       134         0         2         2
136       572       135         0         1         1
136       579       136         0         0         0
136       571       135         0         1         1
137       577       136         0         1         1
138       575       135         0         3         3
138       576       136         0         2         2
138       578       136         0         2         2
138       580       136         0         2         2
139       581       138         0         1         1
139       582       138         0         1         1
139       583       138         0         1         1
140      2431       102         0        38        38
140       584       138         0         2         2
140       589       139         0         1         1
140       585       138         0         2         2
141       587       139         0         2         2
141       588       139         0         2         2
141       595       140         0         1         1
141       592       140         0         1         1
141       591       140         0         1         1
141       586       139         0         2         2
141       590       139         0         2         2
141       593       140         0         1         1
142      2435       103         9        30        39
142       594       140         0         2         2
143      2427       101         9        33        42
143       597       141         0         2         2
143       601       142         0         1         1
143       598       141         0         2         2
144       596       141         0         3         3
144       599       141         0         3         3
144       600       141         0         3         3
144       610       143         0         1         1
144       609       143         0         1         1
144       608       143         0         1         1
145      2371        89         2        54        56
145      2045        14       117        14       131
145      2048        14         1       130       131
145       602       142         0         3         3
145       603       142         0         3         3
145       604       142         0         3         3
145       605       142         0         3         3
145       606       143         0         2         2
146      2344        80        14        52        66
146       607       143         0         3         3
146       612       145         0         1         1
146       614       145         0         1         1
146       615       145         0         1         1
146       616       146         0         0         0
147      2211        51         8        88        96
147      2356        84        24        39        63
147      2287        69        11        67        78
147       611       145         0         2         2
147       613       145         0         2         2
147       619       146         0         1         1
147       618       146         0         1         1
148       620       146         0         2         2
148       617       146         0         2         2
148       622       147         0         1         1
148       625       147         0         1         1
149       624       147         0         2         2
150      2248        60         9        81        90
150       621       147         0         3         3
150       623       147         0         3         3
150       629       148         0         2         2
151       626       148         0         3         3
151       628       148         0         3         3
151       630       148         0         3         3
152       643       151         0         1         1
152       644       151         0         1         1
152       627       148         0         4         4
152       631       149         0         3         3
153      2297        71        11        71        82
153      2366        88         2        63        65
153       650       152         0         1         1
154      2186        44         8       102       110
154       634       149         1         4         5
154       635       149         1         4         5
154       632       149         0         5         5
154       655       153         0         1         1
154       654       153         0         1         1
154       651       153         0         1         1
154       636       150         0         4         4
154       637       150         0         4         4
155       638       150         0         5         5
155       645       151         1         3         4
155       639       150         1         4         5
155       640       150         1         4         5
155       633       149         0         6         6
155       646       152         1         2         3
155       647       152         1         2         3
156       641       151         1         4         5
156       660       155         0         1         1
156       642       151         1         4         5
156       652       153         1         2         3
157      2312        74         8        75        83
158      2222        54         8        96       104
158      2190        46         8       104       112
158      2191        46         8       104       112
158       648       152         1         5         6
158       670       157         0         1         1
158       649       152         1         5         6
158       653       153         1         4         5
159       680       159         0         0         0
160      2314        74        13        73        86
160      2226        55         8        97       105
160       679       159         0         1         1
160       678       159         0         1         1
161      2433       102         7        52        59
161      2603       142         0        19        19
161      2362        86         0        75        75
161       666       157         1         3         4
161       667       157         1         3         4
161       685       160         0         1         1
161       656       155         1         5         6
162      2199        47         8       107       115
162       657       155         1         6         7
162       658       155         1         6         7
162       659       155         1         6         7
162       661       156         0         6         6
162       662       156         0         6         6
162       688       161         0         1         1
162       689       161         0         1         1
162       695       162         0         0         0
162       663       156         0         6         6
162       664       156         0         6         6
162       665       156         0         6         6
163       668       157         1         5         6
163       669       157         1         5         6
164      2266        65        11        88        99
164      2267        65        11        88        99
164      2510       119         5        40        45
164       676       159         1         4         5
164       677       159         1         4         5
164       671       158         1         5         6
164       672       158         1         5         6
164       700       163         0         1         1
165      2231        57         8       100       108
165       673       158         1         6         7
165       674       158         1         6         7
165       675       158         1         6         7
165       681       160         1         4         5
165       682       160         1         4         5
165       683       160         1         4         5
165       703       164         0         1         1
165       702       164         0         1         1
165       698       163         0         2         2
166       694       162         2         2         4
166       699       163         1         2         3
166       686       161         2         3         5
166       687       161         2         3         5
166       690       161         2         3         5
166       684       160         1         5         6
167      2272        66        11        90       101
167      2273        66        11        90       101
167       696       163         1         3         4
167       697       163         1         3         4
167       691       162         1         4         5
167       692       162         1         4         5
167       693       162         1         4         5
167       704       164         1         2         3
168      2688       161         0         7         7
168      2473       110         8        50        58
168      2206        50         8       110       118
168       714       167         0         1         1
168       705       164         2         2         4
169      2055        16         0       153       153
169       701       164         1         4         5
169       720       168         0         1         1
169       716       168         0         1         1
169       717       168         0         1         1
169       709       166         1         2         3
170      2240        59         8       103       111
170       707       166         1         3         4
170       708       166         1         3         4
170       710       166         1         3         4
171      2480       112        20        39        59
171       731       171         0         0         0
172       706       166         0         6         6
172       711       167         1         4         5
172       732       171         0         1         1
172       733       171         0         1         1
172       734       171         0         1         1
172       721       169         0         3         3
172       722       169         0         3         3
173      2286        69        11        93       104
173      2288        69        11        93       104
173       718       168         1         4         5
173       719       168         1         4         5
173       712       167         1         5         6
173       713       167         1         5         6
173       715       167         1         5         6
174      2289        69        11        94       105
174      2529       125         0        49        49
174      2649       152         5        17        22
174       726       170         1         3         4
174       727       170         1         3         4
174       723       169         1         4         5
174       724       169         1         4         5
174       725       169         1         4         5
174       735       171         1         2         3
174       728       170         1         3         4
175      2523       123        10        42        52
175      2539       128         3        44        47
175       729       170         1         4         5
175       730       170         1         4         5
175       738       174         0         1         1
175       737       174         0         1         1
176      2293        70        11        95       106
176      2719       168         0         8         8
176       736       174         0         2         2
176       740       174         0         2         2
176       742       175         0         1         1
176       739       174         0         2         2
176       743       175         0         1         1
176       741       175         0         1         1
176       745       175         0         1         1
177       744       175         0         2         2
177       746       176         0         1         1
177       748       176         0         1         1
177       749       176         0         1         1
177       750       176         0         1         1
178      2515       122         1        55        56
178       747       176         0         2         2
178       759       178         0         0         0
179       752       177         0         2         2
179       765       179         0         0         0
179       764       179         0         0         0
179       753       177         0         2         2
180      2723       169         0        11        11
180       760       178         0         2         2
180       751       177         0         3         3
180       754       177         0         3         3
180       755       177         0         3         3
180       757       178         0         2         2
180       758       178         0         2         2
181      2189        44         8       129       137
181       756       178         0         3         3
181       770       180         0         1         1
181       774       181         0         0         0
181       761       179         0         2         2
182      2300        72        11        99       110
182      2301        72        11        99       110
182      2464       108         7        67        74
182      2604       142         0        40        40
182       763       179         0         3         3
182       767       180         0         2         2
182       769       180         0         2         2
182       775       181         0         1         1
182       772       181         0         1         1
182       780       182         0         0         0
182       762       179         0         3         3
182       766       180         0         2         2
182       768       180         0         2         2
183      2303        72        12        99       111
183       771       181         0         2         2
183       778       182         0         1         1
183       776       182         0         1         1
183       773       181         0         2         2
184      2259        62        10       112       122
184      2306        73        12        99       111
185       777       182         0         3         3
185       784       184         0         1         1
186      2421       100         0        86        86
186      2311        74        13        99       112
186       779       182         0         4         4
186       781       184         0         2         2
186       782       184         0         2         2
186       787       185         0         1         1
186       792       186         0         0         0
186       783       184         0         2         2
186       785       184         0         2         2
186       786       185         0         1         1
187       794       186         0         1         1
187       788       185         0         2         2
187       789       185         0         2         2
187       790       185         0         2         2
188      2367        88        12        88       100
188       795       186         0         2         2
189       791       186         0         3         3
189       793       186         0         3         3
189       796       187         0         2         2
189       804       188         0         1         1
190      2198        47         8       135       143
190      2747       176         0        14        14
190      2567       134         5        51        56
190       797       187         0         3         3
190       798       187         0         3         3
190       799       187         0         3         3
190       809       189         0         1         1
190       810       189         0         1         1
190       802       188         0         2         2
190       812       190         0         0         0
191       800       187         0         4         4
191       801       188         0         3         3
191       803       188         0         3         3
191       806       189         0         2         2
191       811       190         0         1         1
192      2323        76        13       103       116
192       805       188         0         4         4
192       814       190         0         2         2
192       820       191         0         1         1
192       816       191         0         1         1
192       815       190         0         2         2
193      2378        90        13        90       103
193      2325        77        13       103       116
193       807       189         1         3         4
193       808       189         1         3         4
193       813       190         0         3         3
193       817       191         0         2         2
193       823       192         0         1         1
193       821       192         0         1         1
193       822       192         0         1         1
194      2270        66        11       117       128
194      2271        66        11       117       128
194      2805       189         0         5         5
194      2068        18         0       176       176
194       830       193         0         1         1
194       818       191         0         3         3
195       819       191         1         3         4
195       829       193         0         2         2
195       835       194         0         1         1
196      2274        66        11       119       130
196      2383        91        13        92       105
196      2331        78        13       105       118
196      2657       155         5        36        41
196      2522       123         4        69        73
196       824       192         0         4         4
196       839       195         0         1         1
196       845       196         0         0         0
196       825       192         1         3         4
196       833       194         0         2         2
197      2334        78        13       106       119
197      2526       125         1        71        72
197      2236        58         8       131       139
197       842       196         0         1         1
197       846       197         0         0         0
197       840       195         1         1         2
197       826       193         0         4         4
197       827       193         0         4         4
197       828       193         0         4         4
197       831       194         0         3         3
197       832       194         0         3         3
197       834       194         0         3         3
198      2208        50         8       140       148
198      2386        93         6        99       105
198      2336        79        13       106       119
198      2339        79        13       106       119
198       850       197         0         1         1
198       855       198         0         0         0
198       838       195         1         2         3
199      2467       109         0        90        90
199       836       195         0         4         4
199       841       196         1         2         3
199       843       196         1         2         3
199       844       196         1         2         3
200      2241        59         8       133       141
200      2282        68        11       121       132
200      2832       194         0         6         6
200       849       197         1         2         3
200       837       195         0         5         5
200       857       199         0         1         1
200       860       199         0         1         1
200       864       200         0         0         0
200       851       198         0         2         2
200       853       198         0         2         2
201      2340        80        13       108       121
201       847       197         1         3         4
201       852       198         0         3         3
201       854       198         0         3         3
201       862       200         0         1         1
201       870       201         0         0         0
202      2343        80        13       109       122
202       859       199         1         2         3
202       874       202         0         0         0
202       848       197         1         4         5
202       856       199         0         3         3
202       861       200         0         2         2
202       863       200         0         2         2
202       866       201         0         1         1
203      2580       138         5        60        65
203       876       203         0         0         0
203       858       199         1         3         4
204       865       200         1         3         4
204       867       201         0         3         3
205      2247        60         9       136       145
205       880       203         1         1         2
205       872       202         1         2         3
205       873       202         1         2         3
205       875       202         1         2         3
205       868       201         1         3         4
205       869       201         1         3         4
205       871       202         0         3         3
206      2664       156        11        39        50
206       877       203         0         3         3
206       878       203         0         3         3
206       881       204         0         2         2
206       882       204         0         2         2
206       890       205         0         1         1
206       888       205         0         1         1
206       887       205         0         1         1
206       879       203         1         2         3
206       883       204         0         2         2
207      2658       155         8        44        52
207       884       204         1         2         3
207       893       206         0         1         1
207       896       207         0         0         0
208       886       205         1         2         3
208       885       204         1         3         4
208       891       206         0         2         2
208       892       206         0         2         2
208       894       206         0         2         2
208       895       206         0         2         2
209       909       209         0         0         0
209       906       209         0         0         0
209       889       205         1         3         4
209       897       207         0         2         2
209       901       208         0         1         1
210      2250        61         9       140       149
210       898       207         1         2         3
210       899       207         1         2         3
210       900       207         1         2         3
211      2253        61         9       141       150
211      2295        71        11       129       140
211      2254        61        10       140       150
211      2712       167         0        44        44
211      2565       134        21        56        77
211      2666       157         1        53        54
211      2694       162         2        47        49
211       902       208         1         2         3
211       903       208         1         2         3
211       904       208         1         2         3
211       905       208         1         2         3
211       907       209         0         2         2
211       911       210         0         1         1
212      2491       115         4        93        97
212       908       209         0         3         3
212       910       209         0         3         3
212       917       211         0         1         1
212       918       211         1         0         1
213      2550       131         2        80        82
213       914       210         1         2         3
213       915       210         1         2         3
213       912       210         0         3         3
213       924       212         0         1         1
213       923       212         0         1         1
213       922       212         0         1         1
213       913       210         0         3         3
214      2862       200         0        14        14
214       919       211         1         2         3
214       920       211         1         2         3
214       916       211         0         3         3
214       921       212         0         2         2
214       925       212         0         2         2
214       926       213         0         1         1
214       927       213         0         1         1
215      2546       130        14        71        85
215       929       213         0         2         2
215       928       213         0         2         2
215       933       215         0         0         0
215       932       215         0         0         0
215       930       213         1         1         2
216       931       215         0         1         1
216       934       215         0         1         1
216       935       215         0         1         1
217      2193        46         8       163       171
217       937       216         0         1         1
218      2620       147        12        59        71
218       939       216         0         2         2
218       936       216         0         2         2
218       943       217         0         1         1
218       938       216         0         2         2
219      2310        74        12       133       145
219       940       216         0         3         3
219       941       217         0         2         2
220      2537       128        13        79        92
220      2070        19       176        25       201
220       942       217         0         3         3
220       954       220         0         0         0
220       950       218         1         1         2
220       944       217         0         3         3
221      2622       147        17        57        74
221      2365        88        12       121       133
221       945       217         0         4         4
221       946       218         0         3         3
221       947       218         0         3         3
221       948       218         1         2         3
221       949       218         1         2         3
221       955       220         0         1         1
221       957       221         0         0         0
221       951       220         0         1         1
221       952       220         0         1         1
221       953       220         0         1         1
222      2426       101        16       105       121
222       958       221         0         1         1
222       965       222         0         0         0
222       964       222         0         0         0
222       956       221         0         1         1
222       959       221         0         1         1
222       960       221         0         1         1
223      2511       119         0       104       104
223       966       223         0         0         0
224      2370        89        12       123       135
224      2363        86        10       128       138
224       961       222         0         2         2
224       962       222         0         2         2
224       963       222         0         2         2
224       969       223         0         1         1
224       967       223         0         1         1
224       968       223         0         1         1
225      2928       213         0        12        12
225      2374        89        13       123       136
225       970       223         0         2         2
225       971       224         0         1         1
225       972       224         0         1         1
225       975       224         0         1         1
225       973       224         0         1         1
225       974       224         0         1         1
225       976       225         0         0         0
226      2322        76        13       137       150
226       977       225         0         1         1
226       978       225         0         1         1
226       979       225         0         1         1
227       980       225         0         2         2

Battle result: Loss

Earth army statistics
Total earth soldiers: 687
Total earth tanks: 197
Total earth gunnery: 96
Percentage of destructed earth soldiers relative to total soldiers: 100%
Percentage of destructed earth tanks relative to total tanks: 100%
Percentage of destructed earth gunnery relative to total gunnery: 100%
Percentage of total destructed units relative to total units: 100%
Average Delay before first being shot: 0.470408
Average time to destruction after first shot: 2.68878
Average battle time: 3.15918
Df/Db percentage: 14.8902 %
Dd/Db percentage: 85.1098%

Alien army statistics
Total alien soldiers: 517
Total alien drones: 276
Total alien monsters: 187
Percentage of destructed alien soldiers relative to total soldiers: 35.2031%
Percentage of destructed alien drones relative to total drones: 13.7681%
Percentage of destructed alien monsters relative to total monsters: 59.3583%
Percentage of total destructed units relative to total units: 33.7755%
Average Delay before first being shot: 6.11178
Average time to destruction after first shot: 49.4804
Average battle time: 55.5921
Df/Db percentage: 10.994%
Dd/Db percentage: 89.006%
